,SS11,SS12,SS13,SS14,SS15,SS16,SS17,SS18,SS19,SS20,SS21,SS22,SS23,SS24,SS25,SS26,SS27,SS28,SS29,SS30,SS31,SS32,SS33,SS34,SS35,SS36,SS37,SS38,SS39,SS40,SS41,SS42,SS43,SS44,SS45,SS46,SS47,SS48,SS49,SS50,SS51,SS52,SS53,SS54,SS55,SS56,SS57,SS58,SS59,SS60,SS61,SS62,SS63,SS64,SS65,SS66,SS67,SS68,SS69,P1,P2,P3,P4,P5,P6,P7,N1,N2,N3,N4,N5,N6,N7,G1,G2,G3,G4,G5,G6,G7,G8,G9,G10,G11,G12,G13,G14,G15,G16,A1,A2,A3,A4,A5,A,B,C,D,E,F,G
SS11,0.99999994,0.4236289,0.5968518,0.6088066,0.62195903,0.5359603,0.51864576,0.6578178,0.4367294,0.4420101,0.5063438,0.39786077,0.35034966,0.5301596,0.28425455,0.3847784,0.3066367,0.33170435,0.26187214,0.39386657,0.29335618,0.34269446,0.4289934,0.18501446,0.32747614,0.40956905,0.42745095,0.48411998,0.34372,0.4401146,0.39071804,0.4078951,0.31444782,0.35609382,0.38649544,0.39698055,0.208401,0.39406574,0.41063282,0.3696499,0.34767902,0.4538264,0.37846792,0.4104603,0.33351493,0.6472205,0.47042876,0.41734716,0.4022141,0.490733,0.3981337,0.2330114,0.21357785,0.33213952,0.37828445,0.5441379,0.52441657,0.45124745,0.44348967,0.26291832,0.23672917,0.36358595,0.43525347,0.29920256,0.3067427,0.45787024,0.67398304,0.48386562,0.5112729,0.24824616,0.26943392,0.44077122,0.46790427,0.31370026,0.3984709,0.37815392,0.34169766,0.37501448,0.34285784,0.25909087,0.43310297,0.41894996,0.35282794,0.3110177,0.36910826,0.22983725,0.36818552,0.35460764,0.40359688,0.26511127,0.3378794,0.35919183,0.25362867,0.39179865,0.23251963,0.31683996,0.32136172,0.39811265,0.44258022,0.44302085,0.31462625
SS12,0.4236289,1.0,0.6119034,0.4675834,0.46057913,0.4578054,0.2026431,0.3356554,0.44711214,0.3778637,0.46160397,0.4623714,0.25515014,0.37875956,0.3917545,0.51672447,0.13626085,0.48342815,0.39728072,0.38105083,0.37841362,0.18321034,0.50672036,0.27805904,0.32789183,0.26388514,0.22228399,0.36128664,0.26995292,0.2827227,0.21907243,0.17797497,0.2740029,0.28696722,0.35536247,0.35045192,0.1563994,0.3795728,0.4221721,0.3887824,0.3258835,0.37390542,0.38927987,0.35213977,0.22217673,0.35792473,0.48536587,0.42835462,0.48645934,0.39277577,0.47061914,0.2813677,0.30117857,0.34644967,0.33832106,0.49876153,0.52273333,0.4464175,0.28623855,0.26421115,0.3075579,0.22345206,0.49963093,0.22242111,0.2586122,0.24334544,0.2536431,0.32831407,0.4249753,0.47766382,0.24940684,0.50371695,0.45253325,0.37563866,0.2984497,0.25586283,0.41571203,0.5418326,0.2139182,0.5487451,0.47290117,0.32981312,0.38132444,0.40069774,0.22659414,0.4176138,0.37828675,0.29974747,0.47011793,0.22168429,0.15643324,0.2492187,0.3255591,0.0948803,0.16508502,0.13515764,0.24988665,0.37856296,0.28559127,0.49320626,0.5090505
SS13,0.5968518,0.6119034,1.0,0.5671142,0.5274427,0.5370931,0.3627789,0.4764066,0.53051364,0.53587633,0.4922596,0.40267372,0.32679796,0.47548518,0.28042075,0.43824843,0.19789256,0.40603736,0.29909968,0.40444252,0.27335593,0.25173524,0.49089378,0.25755608,0.34341162,0.35186946,0.34533775,0.42227104,0.40432188,0.34388533,0.28680018,0.28135723,0.36632583,0.40193173,0.42489615,0.4286074,0.2717847,0.49114636,0.49090043,0.45032135,0.40377957,0.46188658,0.42916483,0.35936502,0.31349388,0.5063509,0.49334815,0.46949005,0.54676926,0.45460406,0.48087052,0.27546963,0.3145704,0.42054492,0.40365958,0.5024183,0.50316155,0.47513756,0.4169191,0.3480378,0.29703102,0.34821498,0.42012715,0.30955756,0.37816066,0.42175445,0.55941653,0.4519694,0.55655307,0.43617442,0.40497726,0.58855164,0.54004776,0.45222828,0.29598564,0.35178307,0.3880821,0.55716634,0.25258946,0.47221678,0.46357763,0.44826147,0.34026808,0.39577788,0.30002323,0.41267326,0.39679655,0.49138093,0.46587518,0.35800388,0.2878382,0.33263263,0.29539317,0.31455588,0.3072665,0.28971323,0.35083508,0.47820854,0.4375357,0.47937304,0.433995
SS14,0.6088066,0.4675834,0.5671142,0.9999999,0.50851274,0.4458532,0.23837776,0.42948264,0.44983572,0.42878163,0.3973372,0.4563486,0.28607094,0.5546261,0.37072098,0.39639905,0.14192808,0.42544225,0.37623593,0.49529874,0.43743896,0.19999793,0.5878744,0.31380716,0.39113927,0.31173858,0.29217416,0.41665888,0.3118355,0.4464872,0.41883925,0.31149918,0.31261802,0.3875659,0.3732154,0.3726743,0.21825245,0.3690509,0.43943954,0.3303085,0.41510987,0.37094104,0.41160172,0.35609397,0.21070567,0.5782703,0.48818403,0.37199363,0.36568943,0.35054514,0.40378067,0.26257327,0.2796588,0.3368206,0.31185794,0.41583937,0.49299377,0.4026848,0.32758212,0.22205697,0.2373445,0.30255246,0.35586122,0.26588547,0.33461037,0.33156306,0.39215156,0.40432006,0.56425023,0.36539513,0.3269623,0.48830223,0.43972945,0.29573447,0.25281802,0.29900593,0.28860432,0.32645947,0.19910806,0.29326758,0.4493058,0.37939045,0.4308251,0.46336174,0.29840136,0.26960355,0.31478238,0.40177742,0.45675147,0.21940207,0.29242712,0.2795048,0.20166104,0.17845348,0.21304792,0.31068495,0.2828042,0.33993474,0.29812676,0.3318455,0.29395974
SS15,0.62195903,0.46057913,0.5274427,0.50851274,1.0,0.44646037,0.53008795,0.6733197,0.515429,0.46933886,0.48348695,0.54005927,0.44841415,0.40777618,0.31864333,0.4173153,0.34872022,0.38427147,0.32336614,0.523257,0.3951878,0.4860171,0.54441476,0.34052968,0.46451014,0.37422204,0.3563602,0.37169313,0.33441627,0.42582875,0.32034695,0.35436487,0.3883939,0.44789606,0.48877603,0.44591555,0.35228777,0.4643385,0.46426296,0.47729546,0.40610453,0.39347914,0.37520552,0.42228472,0.39310405,0.39728752,0.4205162,0.43121332,0.42718938,0.428248,0.42806566,0.34252906,0.3045663,0.39585572,0.36506882,0.4942488,0.46976054,0.43479535,0.40211636,0.35693625,0.3055799,0.3448061,0.48847649,0.39158016,0.39894795,0.39357907,0.6451951,0.52429473,0.5002134,0.45806968,0.34430662,0.46092278,0.3979749,0.36069238,0.37026748,0.45955667,0.3908188,0.40952206,0.42345852,0.37300178,0.5463702,0.35791448,0.3979356,0.39069504,0.42977142,0.43865973,0.44722676,0.40791863,0.48852718,0.3447991,0.3005801,0.36187372,0.25404,0.39219427,0.32961076,0.31319863,0.37181318,0.4592941,0.5565977,0.48080057,0.39721015
SS16,0.5359603,0.4578054,0.5370931,0.4458532,0.44646037,1.0,0.29543847,0.42456493,0.67408997,0.6828431,0.42014524,0.42777866,0.41723388,0.25925893,0.32464987,0.25439236,0.23442164,0.25833666,0.18187582,0.30821636,0.30591625,0.26264986,0.41665906,0.28098926,0.28425616,0.49910358,0.4851863,0.65377885,0.24787235,0.37705228,0.2792798,0.3132954,0.2043341,0.23426604,0.27093682,0.27165794,0.09197439,0.24157317,0.37215948,0.20183982,0.25366065,0.3653902,0.25832298,0.24799728,0.1966863,0.33588365,0.3715778,0.3107702,0.3598068,0.3173625,0.51807207,0.30770463,0.40215376,0.48250616,0.41165534,0.60956824,0.5845367,0.61937517,0.40272772,0.16122489,0.20431063,0.231794,0.30349153,0.15201311,0.19290367,0.24888358,0.42263973,0.23200677,0.49740916,0.25412804,0.36514232,0.61014664,0.49591804,0.20980914,0.18817513,0.13790703,0.2863342,0.3021363,0.107176304,0.37139824,0.34540004,0.3106464,0.21162458,0.3624813,0.15998173,0.3703031,0.25762913,0.26200747,0.2874364,0.14898282,0.29300404,0.41569215,0.25736886,0.22077775,0.10232063,0.23062885,0.2726921,0.18755847,0.40847635,0.27932528,0.2990797
SS17,0.51864576,0.2026431,0.3627789,0.23837776,0.53008795,0.29543847,0.9999999,0.67547005,0.22219804,0.24246204,0.2503283,0.14960971,0.389296,0.2696424,0.0923969,0.26297542,0.44415784,0.20596342,0.12621264,0.30033243,0.123219065,0.5277453,0.2715587,0.20308486,0.40125886,0.3186839,0.34247047,0.31879613,0.2811903,0.2545973,0.20316848,0.40477672,0.29818943,0.31265792,0.35143027,0.36880594,0.27828187,0.354815,0.2480335,0.39595813,0.23304582,0.27936712,0.19673452,0.35516194,0.50533277,0.29086187,0.28553426,0.33916524,0.22039053,0.4971704,0.2699238,0.124176286,0.18309213,0.15715364,0.1836375,0.33639058,0.2888782,0.20054954,0.42144233,0.3574642,0.24018732,0.36926368,0.47165093,0.33163905,0.34484598,0.44854105,0.6937609,0.51489043,0.40237135,0.33762607,0.26498106,0.34886998,0.34899727,0.33426088,0.43076655,0.413716,0.39092618,0.34765506,0.52791744,0.25465208,0.3550456,0.25339228,0.24153781,0.29402456,0.46410117,0.30733672,0.39879087,0.3819544,0.37158337,0.32795507,0.2821649,0.36104706,0.28607443,0.50562894,0.31561756,0.2594262,0.29634854,0.3800285,0.52062416,0.43392238,0.30501342
SS18,0.6578178,0.3356554,0.4764066,0.42948264,0.6733197,0.42456493,0.67547005,0.99999994,0.40293455,0.41211748,0.44853348,0.32612056,0.46279317,0.36756364,0.2323545,0.35934418,0.38005757,0.31317234,0.29862845,0.38650948,0.25474232,0.49762976,0.47733757,0.22744957,0.4253733,0.39904833,0.4160944,0.39205706,0.33196104,0.36770338,0.28405797,0.39056188,0.37532115,0.42350048,0.47360113,0.43471625,0.32720196,0.45668438,0.44934425,0.46493018,0.3318392,0.421043,0.40002024,0.41038305,0.40245223,0.43225,0.534348,0.49894094,0.3785638,0.4994114,0.42580688,0.2737908,0.29015076,0.38006395,0.38014945,0.51689,0.5233667,0.390316,0.46913493,0.392488,0.32274652,0.40689304,0.5251404,0.37410104,0.41649076,0.5509146,0.76244664,0.5665938,0.52329975,0.40753442,0.2980863,0.4417653,0.4479978,0.40695482,0.54620796,0.45629305,0.48185974,0.41772234,0.50615597,0.21824473,0.5086024,0.46489817,0.35186458,0.41520768,0.5009766,0.28016692,0.54190904,0.4590249,0.48279634,0.38811588,0.33965907,0.3678908,0.3418497,0.4776668,0.34267056,0.32099614,0.3980339,0.47260395,0.5747111,0.5553314,0.36899912
SS19,0.4367294,0.44711214,0.53051364,0.44983572,0.515429,0.67408997,0.22219804,0.40293455,1.0000001,0.9300021,0.5672269,0.72198063,0.5974781,0.32882056,0.35309294,0.28542662,0.31930274,0.33051845,0.24096555,0.36004394,0.3822344,0.3413144,0.48676533,0.35475263,0.39862216,0.5713778,0.5771346,0.6140245,0.30956602,0.4186796,0.35560954,0.4008487,0.44931915,0.4211247,0.47919905,0.4540189,0.34234947,0.43415183,0.61026156,0.3299983,0.48942065,0.5069112,0.42644393,0.4150992,0.36423782,0.30439678,0.4585976,0.3924555,0.46103656,0.404653,0.6326686,0.5429827,0.5154489,0.66540897,0.5910894,0.748462,0.5861529,0.74326044,0.58498913,0.36585504,0.36888403,0.3762822,0.33507636,0.35400903,0.4073072,0.28041425,0.32492894,0.32674447,0.57154655,0.43516847,0.51964444,0.7038952,0.6130831,0.3723276,0.25106934,0.30076748,0.2254117,0.33514705,0.19704409,0.40275866,0.46584332,0.5278738,0.38523477,0.43726322,0.3574949,0.4350527,0.299112,0.34387544,0.4237476,0.35079232,0.35349005,0.54896367,0.33500674,0.30384743,0.3053562,0.3068681,0.50766003,0.34621757,0.52360857,0.3497641,0.362721
SS20,0.4420101,0.3778637,0.53587633,0.42878163,0.46933886,0.6828431,0.24246204,0.41211748,0.9300021,0.9999998,0.5210083,0.64461654,0.6098559,0.30834123,0.30692592,0.2914148,0.3001819,0.3137365,0.20894629,0.34710374,0.3153609,0.34233576,0.4445451,0.31344676,0.35958585,0.57514143,0.5880458,0.61932254,0.32077873,0.41421652,0.37342346,0.42432475,0.40008554,0.4161588,0.45140862,0.43936902,0.3096399,0.4052266,0.5592632,0.3097916,0.467268,0.50823075,0.40197214,0.37971765,0.33952165,0.29904458,0.41691032,0.36108282,0.40993872,0.37683666,0.5813602,0.47433123,0.5203118,0.6523514,0.54422617,0.71097136,0.5552243,0.72377217,0.5740677,0.33424202,0.3428361,0.39278257,0.33101663,0.327262,0.35224736,0.29317474,0.3621382,0.34039402,0.6284227,0.3739665,0.52019584,0.72689617,0.619325,0.37409812,0.24211524,0.29787213,0.19898982,0.30086815,0.20419772,0.37005234,0.44093254,0.5273595,0.35335296,0.41129202,0.33068943,0.38937935,0.26459002,0.30912036,0.39383957,0.33259636,0.38089508,0.5239184,0.3054132,0.3129815,0.2923461,0.3403929,0.47797114,0.32043493,0.5123646,0.30855846,0.30606788
SS21,0.5063438,0.46160397,0.4922596,0.3973372,0.48348695,0.42014524,0.2503283,0.44853348,0.5672269,0.5210083,0.9999999,0.5432871,0.3986877,0.30293256,0.39182863,0.4360866,0.22688866,0.34884298,0.21624796,0.30017254,0.27697578,0.20031062,0.5361464,0.25704056,0.36602443,0.38279176,0.44683155,0.44303268,0.28492224,0.31714642,0.32883993,0.3115818,0.36932522,0.37463567,0.43583792,0.41634163,0.26434764,0.37571222,0.47635388,0.44961956,0.46770233,0.5794918,0.4682312,0.5306949,0.24826048,0.33548537,0.4177211,0.42762536,0.47166526,0.44182682,0.5415299,0.3778908,0.33097726,0.46074367,0.4841955,0.63480324,0.64824283,0.5314285,0.4864855,0.3214633,0.4664355,0.37707868,0.4385701,0.2942375,0.34164396,0.32752073,0.36301297,0.45553792,0.46148273,0.4045019,0.3530195,0.49683797,0.561759,0.3814392,0.3695217,0.3704827,0.4235989,0.44326034,0.23022011,0.32670358,0.4798311,0.52425647,0.44961327,0.5170666,0.38782606,0.3592699,0.46522647,0.36912563,0.453568,0.3215786,0.31133744,0.37019584,0.28944018,0.2067807,0.27845776,0.28470924,0.46513003,0.48047546,0.4169593,0.4927594,0.42264575
SS22,0.39786077,0.4623714,0.40267372,0.4563486,0.54005927,0.42777866,0.14960971,0.32612056,0.72198063,0.64461654,0.5432871,1.0000001,0.4828261,0.32166398,0.39578307,0.36272997,0.23908399,0.35145754,0.29425225,0.3924182,0.3966856,0.22393385,0.5086699,0.36304927,0.4276648,0.4327371,0.4791084,0.45159584,0.3113044,0.3898397,0.38813376,0.37953398,0.43013784,0.4325845,0.47743762,0.4891953,0.33038208,0.4489352,0.6109777,0.36492535,0.5366621,0.5352367,0.5298139,0.49203956,0.3450983,0.27535293,0.38949326,0.31602025,0.4376179,0.31678236,0.49164078,0.6501926,0.3778124,0.5416767,0.45066833,0.56417847,0.512619,0.5036094,0.5039356,0.2994385,0.35522544,0.34059316,0.3634978,0.34950864,0.36009216,0.15207085,0.19323716,0.3095798,0.43645984,0.31000277,0.40725577,0.5021961,0.51392627,0.3851295,0.23640677,0.3625311,0.28729808,0.22938535,0.18435252,0.29923162,0.44420403,0.47993928,0.41348627,0.4569005,0.33339238,0.34916124,0.29442087,0.26019245,0.34858105,0.31617418,0.298816,0.3617126,0.23398498,0.1538338,0.28697658,0.29039192,0.44921815,0.37392366,0.32117832,0.25060543,0.341354
SS23,0.35034966,0.25515014,0.32679796,0.28607094,0.44841415,0.41723388,0.389296,0.46279317,0.5974781,0.6098559,0.3986877,0.4828261,1.0000001,0.29630443,0.32157594,0.34261844,0.64454246,0.30319294,0.2012723,0.36526635,0.2591706,0.6513837,0.47472906,0.47921377,0.6777077,0.58650786,0.5696615,0.46266076,0.31744307,0.48105472,0.39211246,0.5513648,0.49068916,0.46054804,0.51644856,0.5649081,0.44694757,0.47406638,0.5454638,0.42002302,0.5200679,0.4359615,0.40424025,0.50252175,0.5574901,0.2200985,0.30807167,0.39268097,0.35095307,0.41188338,0.5129607,0.41546136,0.6227455,0.6443727,0.42044044,0.6082121,0.4242306,0.49424082,0.7358119,0.49637324,0.5978495,0.4921619,0.44377524,0.470359,0.5050492,0.29305333,0.3765739,0.44029185,0.4964554,0.39633924,0.6668224,0.57914174,0.5781668,0.40375167,0.37157393,0.45145103,0.33394083,0.36456752,0.3481711,0.35174653,0.41583812,0.6242011,0.45507926,0.52033234,0.5315024,0.49597797,0.40980634,0.49164543,0.464671,0.47281063,0.46609306,0.6922962,0.49438292,0.58068943,0.4267271,0.41904086,0.7199097,0.41014418,0.734777,0.44895458,0.44045213
SS24,0.5301596,0.37875956,0.47548518,0.5546261,0.40777618,0.25925893,0.2696424,0.36756364,0.32882056,0.30834123,0.30293256,0.32166398,0.29630443,0.99999994,0.427192,0.49447054,0.26604867,0.482167,0.42151654,0.48258793,0.392358,0.2818656,0.4675687,0.23376614,0.38330618,0.3465973,0.34182635,0.3130672,0.4688368,0.5028377,0.4377078,0.3832206,0.35339928,0.40970966,0.43753654,0.394932,0.3171237,0.48598742,0.4051625,0.35383767,0.29838136,0.3448454,0.3453667,0.35728633,0.26490188,0.7579988,0.6294871,0.4998098,0.5977658,0.48164487,0.29905504,0.23576671,0.22509074,0.25622886,0.27729404,0.36984596,0.31374156,0.30123654,0.30613562,0.29560453,0.23036695,0.38569427,0.3581615,0.4085294,0.35329387,0.39100778,0.2888934,0.35918605,0.3847515,0.3995465,0.24982947,0.30220857,0.35960835,0.4331832,0.28414154,0.3744661,0.28346878,0.5215138,0.2559948,0.29730868,0.5075357,0.42061374,0.43633097,0.27975765,0.34018633,0.30020356,0.3935114,0.3323084,0.45241982,0.29586202,0.34808135,0.27793667,0.32628506,0.23938763,0.30710456,0.37680852,0.29638952,0.3272314,0.3385421,0.43855467,0.3999704
SS25,0.28425455,0.3917545,0.28042075,0.37072098,0.31864333,0.32464987,0.0923969,0.2323545,0.35309294,0.30692592,0.39182863,0.39578307,0.32157594,0.427192,0.9999998,0.50904316,0.16809778,0.5644291,0.39746633,0.47107863,0.4649623,0.17240569,0.5430954,0.5482783,0.43429825,0.22383586,0.15508494,0.2081529,0.16271716,0.31069046,0.18776166,0.16994749,0.2765063,0.3088432,0.38986623,0.35728276,0.19947068,0.29315078,0.39508384,0.32958648,0.2876689,0.25162435,0.2402172,0.3766526,0.14660473,0.4760211,0.4654777,0.36058205,0.4252535,0.3421758,0.39676958,0.2715527,0.33651355,0.30541122,0.2858501,0.39064473,0.39605892,0.2855789,0.2654144,0.1728797,0.25280002,0.14253852,0.3450646,0.34044603,0.17768997,0.18926257,0.052376837,0.3230928,0.20858055,0.34675342,0.37844294,0.1605751,0.23287128,0.31286266,0.21645413,0.3145501,0.31114188,0.39408797,0.16811395,0.30845386,0.38868478,0.319395,0.4433024,0.33572257,0.3268758,0.35071516,0.42131564,0.22405106,0.36417544,0.16437283,0.092741944,0.22909166,0.17976671,0.044967588,0.16471061,0.10550283,0.30435437,0.22581622,0.24240887,0.3558177,0.3798633
SS26,0.3847784,0.51672447,0.43824843,0.39639905,0.4173153,0.25439236,0.26297542,0.35934418,0.28542662,0.2914148,0.4360866,0.36272997,0.34261844,0.49447054,0.50904316,1.0000001,0.3246774,0.57366854,0.4108208,0.48442322,0.40895438,0.31451505,0.5288042,0.26410484,0.42945698,0.28137442,0.21071436,0.3025023,0.36856902,0.35235497,0.2581251,0.22304638,0.2658699,0.35145456,0.37019545,0.34565324,0.26914388,0.40662056,0.39303184,0.360994,0.3048683,0.32783756,0.3317875,0.41466936,0.17530875,0.47908562,0.5044289,0.4653695,0.49702027,0.35682842,0.36827248,0.16191992,0.2835325,0.17153552,0.28451988,0.4044709,0.42977622,0.27034947,0.30390424,0.21343625,0.25391862,0.25591895,0.5613451,0.23475093,0.21417776,0.30825275,0.28086627,0.49252486,0.38518173,0.4709453,0.22717927,0.34054834,0.3728004,0.48422277,0.45630902,0.35692567,0.5047481,0.4776097,0.36360002,0.40785447,0.5078269,0.3731007,0.43559694,0.44099784,0.31254563,0.36652416,0.48133412,0.3887394,0.5416573,0.21920848,0.21892485,0.2257089,0.3359083,0.22521779,0.21065572,0.21874319,0.2615692,0.30410495,0.3702985,0.42984304,0.51921135
SS27,0.3066367,0.13626085,0.19789256,0.14192808,0.34872022,0.23442164,0.44415784,0.38005757,0.31930274,0.3001819,0.22688866,0.23908399,0.64454246,0.26604867,0.16809778,0.3246774,0.9999997,0.27377245,0.20996949,0.3205622,0.26515543,0.70383936,0.2543374,0.25813353,0.5254103,0.51693875,0.49116266,0.3703488,0.34854645,0.43584082,0.36943614,0.5579145,0.4146958,0.3510346,0.40068558,0.43135887,0.39630926,0.4105135,0.35361558,0.32880148,0.24609429,0.24812515,0.23980886,0.3917225,0.5530276,0.18987471,0.23370805,0.3666827,0.24953577,0.40299785,0.30678445,0.14766523,0.43104184,0.30799165,0.24582061,0.3888153,0.16096845,0.26950797,0.5466638,0.45228398,0.39360255,0.49503422,0.4818787,0.3758633,0.471321,0.37780958,0.37441885,0.41861838,0.3721431,0.38920945,0.35752475,0.4141674,0.31633124,0.36571145,0.46831846,0.41587618,0.3134614,0.3059456,0.45245296,0.28113174,0.36201814,0.39660835,0.29517627,0.30933124,0.48799348,0.44060877,0.41696826,0.4953487,0.45749587,0.39130387,0.43077153,0.56435317,0.44648892,0.71082115,0.3880898,0.397167,0.505566,0.26383805,0.73063534,0.40279302,0.40856117
SS28,0.33170435,0.48342815,0.40603736,0.42544225,0.38427147,0.25833666,0.20596342,0.31317234,0.33051845,0.3137365,0.34884298,0.35145754,0.30319294,0.482167,0.5644291,0.57366854,0.27377245,1.0,0.6195228,0.5937709,0.56332856,0.29509532,0.5041188,0.34943002,0.38980946,0.31833762,0.2533026,0.30979237,0.34392262,0.37789577,0.3435476,0.32746765,0.3376153,0.39041665,0.41018543,0.4173976,0.33003414,0.41430175,0.42391023,0.40913478,0.3201712,0.34628016,0.31816387,0.4529508,0.29942575,0.497626,0.5118484,0.37358683,0.46806183,0.43960592,0.3556499,0.18866958,0.27453882,0.25010788,0.30949402,0.41863215,0.3340134,0.27513975,0.30534878,0.28282234,0.25096956,0.28000894,0.52551556,0.468244,0.28538322,0.24260062,0.22079068,0.490283,0.3610794,0.5549024,0.34713373,0.30622613,0.3157426,0.4681622,0.39645338,0.37624812,0.33618483,0.46013296,0.31832987,0.39499506,0.4441865,0.35584515,0.42796275,0.33809626,0.36717853,0.41830492,0.43293238,0.32203642,0.5126251,0.29517293,0.2639598,0.23320076,0.2480996,0.21600795,0.27076632,0.27563578,0.28779542,0.36670932,0.36843416,0.36609966,0.4410314
SS29,0.26187214,0.39728072,0.29909968,0.37623593,0.32336614,0.18187582,0.12621264,0.29862845,0.24096555,0.20894629,0.21624796,0.29425225,0.2012723,0.42151654,0.39746633,0.4108208,0.20996949,0.6195228,1.0000001,0.63172746,0.54469794,0.23191333,0.4090381,0.20850873,0.26931134,0.2406787,0.1900935,0.25110373,0.28747183,0.33111155,0.27383456,0.23391807,0.33774447,0.46373096,0.4691373,0.36471412,0.33059502,0.44037223,0.37241822,0.3981117,0.24822919,0.3076929,0.39008862,0.3135938,0.28074008,0.3685613,0.6229788,0.37431484,0.34915832,0.39056242,0.28046358,0.1572312,0.21239097,0.20759368,0.22909462,0.3069131,0.28345314,0.24590236,0.2303066,0.2749338,0.12777388,0.19798407,0.37841937,0.35232335,0.32931763,0.28629833,0.16146435,0.31615874,0.3365643,0.4350597,0.096717924,0.23597789,0.22049604,0.39620838,0.29797417,0.35610482,0.25590515,0.3042691,0.2631332,0.14232244,0.37857825,0.28236333,0.23683667,0.21630034,0.2482619,0.23684305,0.3960356,0.25290313,0.4524116,0.283112,0.18831721,0.15471761,0.15812054,0.15824422,0.27334142,0.20519978,0.19095236,0.331884,0.23479518,0.26673156,0.25604898
SS30,0.39386657,0.38105083,0.40444252,0.49529874,0.523257,0.30821636,0.30033243,0.38650948,0.36004394,0.34710374,0.30017254,0.3924182,0.36526635,0.48258793,0.47107863,0.48442322,0.3205622,0.5937709,0.63172746,1.0000001,0.7687199,0.3654534,0.5371205,0.36884218,0.41727784,0.34523684,0.2533239,0.36785275,0.342144,0.44203812,0.3514167,0.35438916,0.44821295,0.576692,0.5117271,0.49490052,0.39448214,0.48283002,0.4821142,0.49465567,0.36402255,0.34171355,0.39630347,0.37528682,0.378371,0.4412265,0.54838085,0.4174191,0.37331405,0.40981442,0.3869683,0.25378573,0.3117549,0.30110902,0.3024534,0.3862563,0.34942585,0.33284736,0.312016,0.38566566,0.24425526,0.3202356,0.42888558,0.4896937,0.47306883,0.3847454,0.33749878,0.5461762,0.56947047,0.5349365,0.37571368,0.43926543,0.3713465,0.4585912,0.3847195,0.46525133,0.41513953,0.38630712,0.36269778,0.28686684,0.5465383,0.34939212,0.4938808,0.3741795,0.41469672,0.38554147,0.45351282,0.4334761,0.6087637,0.37634718,0.3036564,0.3042236,0.23964956,0.2836548,0.3840701,0.31254837,0.3223794,0.44888616,0.3822695,0.33726966,0.36831027
SS31,0.29335618,0.37841362,0.27335593,0.43743896,0.3951878,0.30591625,0.123219065,0.25474232,0.3822344,0.3153609,0.27697578,0.3966856,0.2591706,0.392358,0.4649623,0.40895438,0.26515543,0.56332856,0.54469794,0.7687199,1.0,0.26601067,0.5139851,0.23686823,0.33553964,0.29446194,0.21602544,0.3126849,0.19944626,0.35071945,0.2707697,0.22848411,0.3156873,0.4346417,0.35478213,0.3594371,0.23713686,0.30809152,0.41745028,0.30549812,0.27863187,0.30153078,0.28082174,0.3011389,0.20708978,0.40424067,0.5352754,0.36053056,0.38447767,0.3192907,0.39444464,0.27072176,0.25380364,0.22680274,0.29966,0.37315854,0.33629644,0.34648073,0.25942877,0.2813244,0.20281258,0.17603739,0.2906458,0.35606545,0.34977186,0.2507254,0.15144858,0.35646436,0.4393002,0.5628135,0.29956985,0.35117203,0.32070845,0.26003966,0.1879236,0.25451583,0.25968468,0.2995071,0.21731395,0.23661879,0.45216432,0.27725345,0.40961635,0.29516125,0.3054055,0.3438905,0.3395316,0.2963837,0.55235285,0.2268844,0.20107672,0.30184942,0.20230275,0.2192535,0.21638528,0.19188102,0.2938937,0.31822807,0.32590383,0.26339507,0.29976135
SS32,0.34269446,0.18321034,0.25173524,0.19999793,0.4860171,0.26264986,0.5277453,0.49762976,0.3413144,0.34233576,0.20031062,0.22393385,0.6513837,0.2818656,0.17240569,0.31451505,0.70383936,0.29509532,0.23191333,0.3654534,0.26601067,1.0000002,0.33335096,0.2942643,0.61678696,0.45886803,0.4177336,0.3226042,0.30005598,0.38562626,0.24000272,0.48549336,0.3793947,0.36401582,0.39177874,0.355999,0.29514247,0.38679734,0.37194753,0.3146298,0.220037,0.29034522,0.23064193,0.36520296,0.5398881,0.1836926,0.24243814,0.31684682,0.2058596,0.4096334,0.35433167,0.2203205,0.4190299,0.31840974,0.31273106,0.44928277,0.28246057,0.34511334,0.5712875,0.40387404,0.34996724,0.39851525,0.49271768,0.30456644,0.43414575,0.33703166,0.46025515,0.43434498,0.40408903,0.40004998,0.37034473,0.40253997,0.31343034,0.35831898,0.41518384,0.3633067,0.3535068,0.32731044,0.51325905,0.30523658,0.36015737,0.3164747,0.2819942,0.31873134,0.46883354,0.3761505,0.34619308,0.44132525,0.4473104,0.33095574,0.34522167,0.54063064,0.45964664,0.7094025,0.3302313,0.3091954,0.47285327,0.28589773,0.7516492,0.4075644,0.34546173
SS33,0.4289934,0.50672036,0.49089378,0.5878744,0.54441476,0.41665906,0.2715587,0.47733757,0.48676533,0.4445451,0.5361464,0.5086699,0.47472906,0.4675687,0.5430954,0.5288042,0.2543374,0.5041188,0.4090381,0.5371205,0.5139851,0.33335096,1.0,0.5383109,0.70371586,0.38410062,0.36151,0.44416136,0.36661708,0.4778458,0.3946461,0.32605433,0.39206734,0.42909402,0.48702398,0.46892184,0.3061386,0.435395,0.5491952,0.45847175,0.5178622,0.5218785,0.45302102,0.44954386,0.26328218,0.4820242,0.5899508,0.5136076,0.5173398,0.461644,0.5373279,0.4056056,0.46889353,0.4421728,0.48074058,0.5148018,0.6868073,0.39963594,0.4095511,0.3447074,0.47939417,0.3709248,0.5200243,0.4046003,0.4330121,0.35889804,0.32088238,0.47968677,0.5201113,0.5757025,0.5033147,0.5086783,0.5215023,0.40793502,0.3500431,0.3377597,0.4438057,0.4542031,0.24072106,0.33243063,0.60302085,0.49079672,0.55007124,0.732903,0.37782007,0.47997996,0.5188261,0.4993714,0.6408586,0.3284223,0.33746156,0.39913467,0.36905703,0.2395922,0.27923858,0.3435378,0.46791217,0.5051571,0.43916476,0.5286882,0.5106163
SS34,0.18501446,0.27805904,0.25755608,0.31380716,0.34052968,0.28098926,0.20308486,0.22744957,0.35475263,0.31344676,0.25704056,0.36304927,0.47921377,0.23376614,0.5482783,0.26410484,0.25813353,0.34943002,0.20850873,0.36884218,0.23686823,0.2942643,0.5383109,1.0000005,0.6042594,0.28438962,0.21523191,0.27189475,0.17358555,0.25881365,0.23197983,0.2789893,0.24998504,0.2492249,0.30044672,0.33696103,0.23280445,0.24557047,0.31341574,0.25401843,0.39744666,0.23516251,0.23549896,0.28642613,0.31646848,0.22430973,0.23442346,0.22571196,0.25689298,0.35004014,0.33711892,0.24870256,0.41611272,0.32501674,0.20507438,0.37820023,0.3352193,0.21362221,0.38910598,0.24206133,0.352286,0.22905551,0.38662982,0.37370586,0.23552683,0.16393358,0.15041122,0.24530536,0.26767087,0.26053268,0.6205557,0.3056572,0.26555908,0.23841074,0.20954153,0.20722573,0.28319576,0.3160788,0.21594591,0.4738105,0.29606262,0.30115616,0.37832835,0.44744074,0.32045013,0.4745452,0.31406477,0.2859575,0.27503866,0.20000961,0.16069253,0.3434242,0.26255345,0.18564047,0.18708448,0.18365598,0.41442686,0.23729351,0.31035766,0.29561752,0.42893112
SS35,0.32747614,0.32789183,0.34341162,0.39113927,0.46451014,0.28425616,0.40125886,0.4253733,0.39862216,0.35958585,0.36602443,0.4276648,0.6777077,0.38330618,0.43429825,0.42945698,0.5254103,0.38980946,0.26931134,0.41727784,0.33553964,0.61678696,0.70371586,0.6042594,1.0000001,0.49289852,0.4612053,0.3790941,0.32884783,0.4214106,0.35780513,0.49283838,0.42895076,0.4122033,0.46948302,0.49492005,0.36861292,0.41975388,0.49731836,0.44018364,0.47003293,0.39945865,0.34462872,0.4875252,0.4961241,0.27783513,0.34167552,0.42358425,0.3368447,0.468696,0.39341062,0.37563384,0.46159625,0.40330407,0.32779765,0.50475407,0.4526236,0.25642446,0.6224008,0.4208324,0.5309931,0.46292675,0.49096596,0.43534374,0.47103062,0.30077735,0.33701438,0.4562377,0.42063397,0.43462408,0.5632596,0.42585492,0.43696713,0.36481434,0.36739665,0.3495085,0.43715626,0.39989114,0.338274,0.33441693,0.44491717,0.44464743,0.49098128,0.72304565,0.50878835,0.49565735,0.49795163,0.463812,0.5084001,0.38071167,0.39623106,0.5867136,0.47555155,0.5316635,0.3466433,0.3857174,0.61919683,0.42610928,0.6156167,0.5049852,0.4979011
SS36,0.40956905,0.26388514,0.35186946,0.31173858,0.37422204,0.49910358,0.3186839,0.39904833,0.5713778,0.57514143,0.38279176,0.4327371,0.58650786,0.3465973,0.22383586,0.28137442,0.51693875,0.31833762,0.2406787,0.34523684,0.29446194,0.45886803,0.38410062,0.28438962,0.49289852,1.0000001,0.8914443,0.78851163,0.6964308,0.68254805,0.7271261,0.79772586,0.4452779,0.42247963,0.4349317,0.47496292,0.38510367,0.4732321,0.48764187,0.3995391,0.41995555,0.4908048,0.44240484,0.44688836,0.4198231,0.31510732,0.33413163,0.3534548,0.32193467,0.30200452,0.42486012,0.32104665,0.5149889,0.47056225,0.436814,0.6617231,0.39327592,0.47923195,0.59909564,0.40309927,0.31165236,0.7619222,0.4039061,0.35405135,0.41070902,0.3055188,0.35632548,0.34834173,0.48342398,0.34695214,0.3829304,0.52850264,0.43830037,0.38236257,0.41685864,0.32813492,0.29918218,0.28678778,0.29741937,0.26313642,0.35745445,0.48291558,0.3441556,0.39736527,0.43693003,0.40191343,0.35421976,0.41142762,0.40412965,0.38513494,0.81762874,0.60338676,0.37254763,0.58315104,0.3694433,0.76174664,0.54927325,0.4043874,0.6193414,0.2934879,0.34238693
SS37,0.42745095,0.22228399,0.34533775,0.29217416,0.3563602,0.4851863,0.34247047,0.4160944,0.5771346,0.5880458,0.44683155,0.4791084,0.5696615,0.34182635,0.15508494,0.21071436,0.49116266,0.2533026,0.1900935,0.2533239,0.21602544,0.4177336,0.36151,0.21523191,0.4612053,0.8914443,0.9999999,0.79991156,0.62332815,0.5935755,0.70552385,0.75410396,0.4476236,0.4262784,0.42621374,0.49927106,0.38121334,0.4674242,0.51321185,0.40226644,0.4721701,0.5990197,0.47913793,0.46794623,0.42832834,0.29757473,0.3336703,0.3264339,0.34258604,0.31747088,0.40743327,0.3932986,0.45770347,0.49876437,0.5126579,0.6363084,0.40079242,0.46831593,0.6501191,0.38803834,0.3576194,0.7291261,0.37804532,0.405296,0.43275708,0.289599,0.35755354,0.3210073,0.47798204,0.31968984,0.35959905,0.5358061,0.5044881,0.3826921,0.36659217,0.3342057,0.28936586,0.2577944,0.2754274,0.1891023,0.36639905,0.5176091,0.27637017,0.3887868,0.42114586,0.36465955,0.33428732,0.36343303,0.3731773,0.41093913,0.7495179,0.551515,0.32710096,0.5343156,0.38009885,0.70110154,0.5690684,0.47198007,0.58206356,0.30346152,0.29996744
SS38,0.48411998,0.36128664,0.42227104,0.41665888,0.37169313,0.65377885,0.31879613,0.39205706,0.6140245,0.61932254,0.44303268,0.45159584,0.46266076,0.3130672,0.2081529,0.3025023,0.3703488,0.30979237,0.25110373,0.36785275,0.3126849,0.3226042,0.44416136,0.27189475,0.3790941,0.78851163,0.79991156,0.99999976,0.51994103,0.54565614,0.5732745,0.58616006,0.34789276,0.34303525,0.35128444,0.41538468,0.28249204,0.38034883,0.45759606,0.30111074,0.4270203,0.5657889,0.39442232,0.3785905,0.30131838,0.32412362,0.36311334,0.3095773,0.33615848,0.30182445,0.4956078,0.33341697,0.5098571,0.45986608,0.49861696,0.6679025,0.5341648,0.5564451,0.54331493,0.30886263,0.29211587,0.5560413,0.42535758,0.32442284,0.35727122,0.31237707,0.38250163,0.34618554,0.56484026,0.33485436,0.3324511,0.6691588,0.5721772,0.34687275,0.3709078,0.2260328,0.3515784,0.2895488,0.23389345,0.2870953,0.41057426,0.47173417,0.32441172,0.47500923,0.31390947,0.39090267,0.30249977,0.37233695,0.40573633,0.2892139,0.5964218,0.5122262,0.33908275,0.37214306,0.24145779,0.5360017,0.44061413,0.37625435,0.48002037,0.28000444,0.36529398
SS39,0.34372,0.26995292,0.40432188,0.3118355,0.33441627,0.24787235,0.2811903,0.33196104,0.30956602,0.32077873,0.28492224,0.3113044,0.31744307,0.4688368,0.16271716,0.36856902,0.34854645,0.34392262,0.28747183,0.342144,0.19944626,0.30005598,0.36661708,0.17358555,0.32884783,0.6964308,0.62332815,0.51994103,1.0000001,0.6896475,0.75121474,0.7340533,0.41767764,0.40179783,0.41212806,0.4236866,0.36404312,0.61709607,0.3897629,0.43028942,0.34070596,0.39992994,0.47388598,0.36908805,0.3416021,0.4553969,0.35436183,0.2641986,0.38719046,0.27746534,0.25884387,0.26957893,0.28380004,0.32504773,0.32699537,0.38318044,0.2481784,0.28614426,0.38596216,0.34516472,0.23440099,0.75439346,0.38150313,0.33176994,0.36769667,0.23271151,0.2914523,0.28500262,0.33291087,0.30758476,0.251949,0.31362912,0.30976346,0.5537268,0.43939054,0.3415173,0.3235668,0.3522779,0.27226183,0.21893926,0.3167078,0.44986072,0.35846964,0.272983,0.31910798,0.31493953,0.27031308,0.3926277,0.34078792,0.4051417,0.7955161,0.30463174,0.29510227,0.3833685,0.3903215,0.82265496,0.37347814,0.42654997,0.4039426,0.25968692,0.34134027
SS40,0.4401146,0.2827227,0.34388533,0.4464872,0.42582875,0.37705228,0.2545973,0.36770338,0.4186796,0.41421652,0.31714642,0.3898397,0.48105472,0.5028377,0.31069046,0.35235497,0.43584082,0.37789577,0.33111155,0.44203812,0.35071945,0.38562626,0.4778458,0.25881365,0.4214106,0.68254805,0.5935755,0.54565614,0.6896475,0.9999998,0.7070928,0.7056986,0.47477686,0.5113202,0.5088886,0.5210792,0.42166823,0.5686178,0.5220033,0.47609717,0.3996529,0.44118097,0.4730063,0.47089237,0.38511044,0.46470007,0.4282923,0.32560512,0.4455549,0.35440695,0.37978786,0.2328763,0.43360755,0.40717486,0.39944726,0.46278203,0.3105915,0.32989776,0.43008578,0.37743914,0.3051033,0.6500325,0.32720178,0.37678498,0.39448512,0.2555495,0.2824151,0.3240017,0.36952165,0.33600914,0.35072374,0.36390054,0.31969532,0.39347112,0.3738353,0.42941067,0.16344066,0.31252706,0.27369416,0.1794833,0.4059545,0.5001873,0.42231172,0.27205184,0.35834846,0.37100413,0.32131293,0.40862828,0.40740803,0.41399828,0.6932975,0.42395335,0.2976871,0.375617,0.4047407,0.7146226,0.42461827,0.4131195,0.47856528,0.2945447,0.31186673
SS41,0.39071804,0.21907243,0.28680018,0.41883925,0.32034695,0.2792798,0.20316848,0.28405797,0.35560954,0.37342346,0.32883993,0.38813376,0.39211246,0.4377078,0.18776166,0.2581251,0.36943614,0.3435476,0.27383456,0.3514167,0.2707697,0.24000272,0.3946461,0.23197983,0.35780513,0.7271261,0.70552385,0.5732745,0.75121474,0.7070928,0.9999999,0.8250284,0.4608665,0.45124996,0.447917,0.50964946,0.47817096,0.5035509,0.48967516,0.4600889,0.4649665,0.46095204,0.49548647,0.46484637,0.38563263,0.399329,0.33333084,0.28540266,0.36089927,0.28995234,0.3059712,0.31437454,0.3507561,0.40455836,0.35317189,0.40476152,0.27130988,0.32652777,0.4225825,0.4022424,0.33518386,0.8002476,0.34360623,0.42755187,0.3909697,0.24259384,0.23112789,0.3276997,0.35190973,0.2863391,0.33563435,0.35540643,0.34887475,0.34256417,0.31867668,0.35259095,0.20282708,0.27293196,0.27519676,0.17998682,0.3359392,0.4977087,0.42981422,0.3165431,0.3647005,0.3315099,0.26677632,0.3019997,0.35253885,0.43265256,0.85572267,0.358907,0.2971929,0.34361362,0.4352766,0.87336874,0.44702935,0.42443618,0.40212545,0.25820965,0.33846617
SS42,0.4078951,0.17797497,0.28135723,0.31149918,0.35436487,0.3132954,0.40477672,0.39056188,0.4008487,0.42432475,0.3115818,0.37953398,0.5513648,0.3832206,0.16994749,0.22304638,0.5579145,0.32746765,0.23391807,0.35438916,0.22848411,0.48549336,0.32605433,0.2789893,0.49283838,0.79772586,0.75410396,0.58616006,0.7340533,0.7056986,0.8250284,1.0,0.49115014,0.45732707,0.48399705,0.53358823,0.4590169,0.5331252,0.47155938,0.46638995,0.40836695,0.43814155,0.42024916,0.49623668,0.57139194,0.30875894,0.28322527,0.282802,0.26350355,0.41349757,0.3447687,0.2932766,0.419972,0.42544252,0.31704402,0.4943946,0.26751602,0.32766348,0.6230468,0.4487524,0.32772675,0.87080073,0.41386813,0.43448916,0.42646506,0.32917923,0.33560464,0.36968076,0.42187083,0.29321837,0.37274724,0.3962385,0.3675598,0.40492445,0.44094133,0.44625732,0.29285356,0.27988547,0.37152848,0.22033058,0.35401946,0.4859479,0.37113506,0.30928865,0.45642945,0.3484354,0.31015083,0.3779597,0.36786672,0.47399092,0.8868177,0.49158973,0.37675405,0.53247935,0.46738034,0.8753895,0.5212733,0.41100663,0.5541418,0.27439496,0.35284406
SS43,0.31444782,0.2740029,0.36632583,0.31261802,0.3883939,0.2043341,0.29818943,0.37532115,0.44931915,0.40008554,0.36932522,0.43013784,0.49068916,0.35339928,0.2765063,0.2658699,0.4146958,0.3376153,0.33774447,0.44821295,0.3156873,0.3793947,0.39206734,0.24998504,0.42895076,0.4452779,0.4476236,0.34789276,0.41767764,0.47477686,0.4608665,0.49115014,0.99999994,0.81615394,0.8988496,0.8423164,0.81828636,0.8635855,0.7311622,0.7295615,0.5682406,0.51633716,0.58022916,0.5794617,0.81305987,0.31167752,0.47159684,0.46527988,0.40880924,0.48355252,0.5320871,0.3433649,0.4270965,0.5116464,0.4525724,0.4696787,0.33676624,0.323897,0.51477116,0.8595857,0.47050983,0.5489559,0.33388546,0.6382447,0.87841797,0.37295574,0.28919682,0.4813853,0.39439714,0.46435368,0.38588992,0.39535484,0.450204,0.6526657,0.411323,0.6886029,0.3513678,0.47726333,0.42053545,0.22461675,0.4607423,0.54861593,0.51038826,0.32457593,0.61671853,0.42494872,0.5003795,0.43195093,0.51761395,0.89854705,0.42263108,0.5023737,0.41600186,0.39976984,0.8967374,0.4348682,0.5525916,0.5930394,0.46759826,0.45183492,0.45007983
SS44,0.35609382,0.28696722,0.40193173,0.3875659,0.44789606,0.23426604,0.31265792,0.42350048,0.4211247,0.4161588,0.37463567,0.4325845,0.46054804,0.40970966,0.3088432,0.35145456,0.3510346,0.39041665,0.46373096,0.576692,0.4346417,0.36401582,0.42909402,0.2492249,0.4122033,0.42247963,0.4262784,0.34303525,0.40179783,0.5113202,0.45124996,0.45732707,0.81615394,0.9999999,0.8442485,0.82705504,0.72512585,0.80206114,0.7536762,0.703127,0.5860392,0.49895188,0.5831596,0.5305248,0.6987018,0.4252342,0.5242362,0.42942268,0.41043738,0.4925589,0.507717,0.34711966,0.40303245,0.46208942,0.47391054,0.42011872,0.322334,0.36553597,0.434414,0.7442863,0.36866754,0.45410395,0.36087802,0.65992844,0.7258992,0.34182107,0.33133066,0.5022217,0.48683816,0.43078652,0.3343944,0.3981067,0.41231576,0.5901036,0.37101632,0.6837663,0.35645035,0.3971954,0.46756583,0.1792762,0.45674288,0.5334956,0.4829853,0.30345166,0.55882376,0.38367146,0.4644134,0.4252417,0.48692518,0.79773283,0.3908831,0.40101576,0.31837985,0.33022907,0.8006247,0.41254544,0.46161056,0.56613946,0.42275518,0.39299566,0.34569505
SS45,0.38649544,0.35536247,0.42489615,0.3732154,0.48877603,0.27093682,0.35143027,0.47360113,0.47919905,0.45140862,0.43583792,0.47743762,0.51644856,0.43753654,0.38986623,0.37019545,0.40068558,0.41018543,0.4691373,0.5117271,0.35478213,0.39177874,0.48702398,0.30044672,0.46948302,0.4349317,0.42621374,0.35128444,0.41212806,0.5088886,0.447917,0.48399705,0.8988496,0.8442485,0.9999999,0.88289,0.8143405,0.879128,0.78038,0.76991904,0.6017525,0.54039174,0.61219776,0.6302757,0.77690995,0.40717506,0.60583097,0.5595012,0.46043074,0.5570045,0.5553566,0.38465703,0.45648,0.56377596,0.43852186,0.5284139,0.41844714,0.39276958,0.5288001,0.8120477,0.47637475,0.51785654,0.4261735,0.68975484,0.7845228,0.45956132,0.33429348,0.5327419,0.4447722,0.50833726,0.38477495,0.41427416,0.47946617,0.6867827,0.45738524,0.78358006,0.42129153,0.48062104,0.5006354,0.22730353,0.528994,0.61553925,0.5129864,0.35692325,0.613326,0.43164805,0.5810069,0.42545202,0.56468296,0.85509896,0.40039438,0.49104446,0.41703355,0.36990315,0.859676,0.4227061,0.5513751,0.61834073,0.49450523,0.5063797,0.46411988
SS46,0.39698055,0.35045192,0.4286074,0.3726743,0.44591555,0.27165794,0.36880594,0.43471625,0.4540189,0.43936902,0.41634163,0.4891953,0.5649081,0.394932,0.35728276,0.34565324,0.43135887,0.4173976,0.36471412,0.49490052,0.3594371,0.355999,0.46892184,0.33696103,0.49492005,0.47496292,0.49927106,0.41538468,0.4236866,0.5210792,0.50964946,0.53358823,0.8423164,0.82705504,0.88289,1.0,0.7909747,0.83795834,0.8014784,0.75947523,0.6821956,0.59460557,0.6106922,0.63400316,0.77481794,0.41343775,0.5094138,0.4979605,0.4923615,0.50791866,0.5530096,0.4174674,0.4410261,0.5826715,0.48390603,0.49798977,0.38626727,0.37506056,0.5627715,0.7987491,0.5153425,0.5432094,0.443639,0.8078795,0.73134446,0.33867368,0.32700187,0.50056416,0.42763114,0.3956982,0.47202554,0.42647874,0.5482757,0.6106577,0.4134788,0.7095304,0.4040312,0.45650512,0.44910797,0.23894255,0.44635963,0.6721376,0.55211705,0.37630498,0.6365316,0.44156975,0.51454115,0.4348824,0.46943218,0.8464432,0.4433713,0.49751687,0.4357283,0.36488968,0.8255965,0.44898093,0.59608066,0.6486821,0.48668283,0.45867002,0.46923465
